43
18467 6334 26500 19169 15724 11478 29358 26962 24464 5705 28145 23281 16827 9961 491 2995 11942 4827 5436 32391 14604 3902 153 292 12382 17421 18716 19718 19895 5447 21726 14771 11538 1869 19912 25667 26299 17035 9894 28703 23811 31322 30333 
7674
-1
-1
-1
6868
27644
32757
12859
-1
-1
778
-1
-1
1842
-1
9040
-1
22648
23805
-1
-1
15350
-1
24393
-1
12623
19954
11840
-1
-1
-1
16944
24626
-1
-1
16118
-1
16541
-1
4639
22704
-1
-1
-1
22386
-1
26924
6270
-1
15573
-1
23986
-1
-1
22355
23655
-1
-1
-1
1150
21724
-1
-1
30191
11337
-1
-1
10383
-1
-1
9758
18588
-1
27506
-1
29168
-1
18762
-1
6359
20537
6483
4041
-1
10291
9374
-1
-1
27348
19668
8281
-1
-1
-1
27938
-1
-1
467
-1
-1
22483
2421
-1
-1
9514
-1
-1
17451
5249
31556
30303
-1
-1
-1
14989
3195
3093
-1
1587
9503
-1
13458
-1
19796
-1
-1
20798
27157
23622
12292
-1
18190
7958
-1
22888
11511
-1
-1
20055
22646
4886
28433
20142
1416
31998
-1
10021
-1
-1
27892
5075
-1
-1
-1
26869
14688
-1
-1
-1
5002
-1
10285
31426
23757
-1
4169
-1
17189
31329
-1
21425
-1
-1
7441
-1
18060
3753
-1
-1
-1
16687
-1
17437
12949
-1
3297
28286
-1
16282
-1
18114
-1
20671
-1
-1
-1
31185
912
-1
-1
4313
28321
23646
481
-1
20222
-1
-1
-1
11173
-1
-1
26292
17253
26154
4745
13186
-1
-1
2168
-1
9905
7391
-1
-1
4414
-1
29334
24372
11833
7487
7518
-1
32270
-1
-1
13985
-1
-1
7627
-1
-1
2625
-1
-1
-1
13061
-1
27432
27593
13031
-1
-1
31286
-1
-1
8360
30974
-1
235
19711
18896
-1
-1
-1
-1
-1
-1
28019
-1
21694
26302
22466
-1
23851
1018
21119
2800
31060
-1
-1
-1
20315
-1
12043
7164
-1
-1
29565
-1
14474
-1
5629
25423
6902
-1
-1
3737
-1
-1
1264
-1
-1
-1
-1
29011
6411
21153
29790
-1
21763
-1
18662
-1
17713
17578
-1
-1
-1
-1
6439
-1
-1
2324
-1
-1
14887
22850
-1
12993
19405
-1
28704
-1
6072
18823
-1
23216
-1
-1
-1
-1
23271
29361
-1
-1
10112
-1
11585
24423
24229
-1
-1
-1
29855
-1
3584
6654
21457
-1
2963
-1
-1
-1
-1
-1
4675
-1
-1
23754
-1
20175
17825
-1
1626
15205
23850
22279
12193
-1
-1
5556
-1
-1
6962
-1
-1
-1
-1
19855
13142
-1
30877
32678
-1
28296
-1
-1
-1
-1
12818
-1
-1
-1
30695
-1
20040
28685
19497
-1
15145
19314
26740
11258
-1
-1
-1
-1
12181
3829
20608
5997
29556
31627
-1
26129
27813
20601
-1
8683
-1
25824
-1
15759
-1
28027
-1
-1
15498
6287
32604
-1
22663
-1
-1
-1
27489
12164
7619
7591
-1
9232
-1
4975
-1
-1
-1
11247
-1
-1
-1
22913
-1
28712
18678
-1
-1
-1
-1
15944
-1
23245
28318
9601
21132
27152
28570
29901
14423
-1
-1
14015
-1
-1
25347
-1
-1
-1
26463
-1
-1
-1
-1
-1
21221
-1
20888
-1
-1
-1
-1
25620
-1
4536
18035
15185
-1
-1
11224
-1
3359
24766
-1
-1
32726
21025
31001
9496
9515
23342
-1
16142
21948
20426
-1
24429
6705
29812
30093
16036
-1
30814
-1
-1
-1
30838
1355
1131
17841
-1
-1
4186
1650
-1
10893
-1
13452
-1
-1
5454
-1
26303
-1
-1
-1
-1
-1
24028
21080
16858
24155
15264
-1
-1
26909
-1
-1
24948
-1
-1
2220
-1
-1
-1
3878
19008
23971
21945
-1
12392
25313
-1
-1
-1
-1
6410
6234
-1
-1
-1
-1
-1
24937
58
-1
-1
15117
-1
7815
3039
29288
1954
-1
24484
8380
25951
-1
1679
25898
788
18132
28689
10008
-1
-1
-1
28
24778
-1
-1
-1
1071
-1
26153
-1
20825
-1
-1
2598
-1
-1
-1
10116
-1
1528
7864
8405
-1
-1
-1
28666
27681
1340
-1
-1
-1
-1
-1
20415
29873
23941
31762
27531
-1
-1
-1
-1
24307
1012
26630
26809
-1
12290
29996
1054
14708
-1
-1
-1
-1
16439
-1
29704
-1
-1
7479
26423
10866
32498
21196
-1
12158
-1
-1
13037
-1
-1
6602
4098
29292
-1
-1
18352
13882
-1
4575
-1
-1
18397
19897
13851
24230
-1
658
-1
10940
15147
1655
792
31754
23146
-1
21188
8638
15075
11521
-1
-1
13234
-1
-1
-1
28962
-1
12549
330
28350
-1
10910
16336
1278
-1
-1
28164
19949
2505
-1
-1
-1
-1
9970
30568
7085
-1
28652
-1
-1
28396
-1
-1
-1
18819
-1
1941
8419
-1
-1
-1
-1
1615
-1
-1
-1
16074
-1
19695
-1
-1
-1
17968
26031
19426
10422
8779
23552
-1
15495
-1
-1
-1
-1
4460
-1
-1
26122
21577
-1
30195
7950
-1
-1
-1
-1
-1
13428
-1
-1
-1
4415
-1
11759
5204
4319
-1
-1
8166
11367
21787
30556
3447
-1
26222
2376
26948
-1
22018
-1
-1
32182
19490
-1
-1
-1
15969
-1
-1
-1
31068
32196
-1
7727
15871
-1
18703
-1
-1
-1
-1
-1
24237
21313
8850
2111
28149
-1
-1
-1
-1
20267
19793
25472
22830
28442
-1
-1
702
-1
-1
8823
-1
-1
16595
2327
-1
28182
-1
-1
-1
-1
5651
-1
-1
-1
21286
-1
-1
-1
-1
5841
3503
-1
10938
-1
-1
28614
28458
-1
32756
20278
19435
-1
7586
-1
-1
-1
-1
8928
12433
6766
-1
11599
-1
31982
-1
11369
21794
-1
-1
-1
9535
-1
-1
-1
27649
26841
-1
-1
30648
-1
24474
29891
19854
-1
4919
22578
-1
3340
-1
-1
8483
-1
-1
-1
25011
-1
-1
-1
2785
31540
28791
-1
-1
-1
26979
9277
-1
1620
13826
19790
-1
-1
-1
26489
-1
-1
-1
-1
-1
27967
-1
-1
15370
14196
-1
-1
-1
28761
-1
-1
16683
-1
25452
-1
-1
-1
-1
-1
-1
10904
-1
4680
-1
14387
7240
-1
8670
-1
25249
-1
12105
17095
-1
-1
-1
-1
-1
27577
-1
-1
24081
-1
-1
27753
11784
-1
-1
-1
-1
-1
7514
-1
-1
-1
-1
-1
-1
-1
-1
-1
31577
14629
5874
-1
-1
8146
9091
-1
26857
26052
-1
-1
-1
28162
23183
-1
16097
-1
2513
-1
-1
16878
-1
-1
2445
-1
13489
6149
-1
-1
17282
27432
-1
-1
4882
17641
-1
-1
-1
-1
-1
-1
19447
9646
25759
30422
8486
-1
-1
4860
11777
12503
-1
29082
-1
-1
8752
-1
26281
24455
-1
18318
-1
-1
-1
24998
-1
-1
-1
-1
-1
8153
-1
-1
19926
6450
-1
14199
26363
-1
-1
23245
-1
1550
1181
-1
-1
18643
7172
-1
-1
-1
-1
-1
-1
16671
-1
30032
-1
-1
15431
-1
-1
26578
2206
18166
-1
31020
15529
-1
17984
-1
21617
-1
3684
-1
25928
-1
24390
-1
-1
-1
12420
18271
-1
6085
-1
-1
-1
-1
-1
-1
14507
-1
28074
7152
10268
-1
337
17604
-1
-1
-1
19413
-1
-1
30038
7355
-1
3181
-1
10987
-1
8217
-1
29447
-1
-1
15084
13525
3964
4872
-1
-1
-1
27080
-1
-1
13713
3251
12079
17040
12933
20663
-1
27936
-1
11874
-1
25680
-1
5725
-1
13559
-1
-1
7905
-1
-1
22885
21080
-1
-1
10508
-1
-1
-1
-1
7740
-1
24773
8880
11072
707
20666
-1
12481
28315
16225
-1
18136
-1
25043
-1
-1
24512
-1
27368
9714
13290
-1
-1
-1
5303
21979
29105
18661
-1
-1
-1
32029
-1
-1
20083
-1
-1
12244
7229
18864
-1
15005
1594
24326
-1
6540
-1
32588
29271
29221
20183
23955
-1
5006
-1
23487
29033
-1
-1
15993
-1
18965
-1
11807
2669
-1
1457
-1
-1
-1
-1
-1
-1
-1
-1
29264
14723
-1
-1
24227
-1
19771
29301
7721
-1
23445
495
15022
29151
8055
-1
-1
-1
1608
-1
-1
24245
-1
-1
31339
24604
-1
20078
31981
-1
28223
29130
4987
18805
-1
-1
27338
28135
-1
21630
1908
24474
27372
-1
-1
-1
-1
27606
-1
-1
14119
-1
24684
-1
-1
20667
24125
12737
32119
10737
-1
22795
-1
8793
-1
-1
-1
-1
-1
28074
-1
20476
3351
-1
-1
23072
-1
-1
-1
3239
-1
-1
10681
27005
18479
-1
-1
13998
23639
27621
15826
-1
24828
-1
8978
-1
-1
24834
-1
-1
-1
-1
25141
-1
-1
-1
18413
-1
31690
-1
-1
19410
11382
27189
13874
-1
32195
16360
-1
7811
9467
26867
-1
-1
-1
30502
9099
17226
30048
1570
-1
-1
8456
-1
-1
26819
-1
-1
-1
8044
26803
-1
7450
-1
-1
29383
-1
-1
23569
17954
-1
-1
-1
893
-1
-1
-1
10722
19611
30338
23258
2352
-1
-1
32683
10002
-1
-1
6135
12361
22194
23188
4042
23941
-1
-1
-1
-1
14964
20061
20073
9462
28102
-1
-1
-1
32074
3730
-1
-1
-1
-1
26363
28773
29731
-1
-1
-1
-1
-1
-1
25679
13043
-1
1563
9850
7240
9492
-1
15477
29876
5220
-1
26798
31635
2883
-1
28262
19770
9273
12686
3917
1892
-1
-1
-1
-1
-1
-1
16081
-1
13028
14589
18630
19864
-1
-1
29681
26610
31071
6459
16840
27037
22630
12993
32203
8290
22307
31151
8890
6640
5566
-1
22659
20386
32765
16840
1497
29250
8421
-1
26787
-1
-1
12504
2138
-1
-1
-1
-1
-1
-1
24459
-1
-1
-1
12935
-1
19567
28596
7746
-1
-1
21476
24917
-1
5752
-1
-1
29065
-1
-1
-1
-1
-1
27273
16193
-1
17103
-1
13694
32627
-1
-1
-1
-1
-1
-1
669
25598
25436
20123
-1
-1
22861
-1
-1
10816
-1
29866
30308
18684
22667
-1
13930
19814
-1
-1
1604
-1
7195
-1
-1
9858
17889
-1
-1
-1
-1
26
2503
26412
-1
-1
-1
28641
17651
8187
21085
31250
4755
-1
25502
30862
3565
-1
-1
14428
-1
6478
-1
21265
5045
5821
-1
-1
-1
25134
22675
-1
-1
2737
-1
-1
-1
1071
10935
17282
-1
13573
-1
-1
-1
-1
-1
-1
-1
28047
-1
30231
839
20829
-1
-1
19645
-1
-1
32072
-1
-1
-1
3542
19203
6125
1401
-1
20169
27478
21138
31426
-1
-1
6724
27700
-1
16002
25095
-1
15137
-1
-1
2944
821
-1
17668
-1
-1
23041
-1
1623
-1
-1
841
-1
12536
-1
700
-1
-1
11829
-1
-1
-1
-1
-1
-1
22885
-1
-1
-1
5084
-1
-1
-1
29400
14193
9412
-1
-1
-1
-1
-1
-1
-1
-1
-1
-1
27734
20542
22086
15621
22597
24254
18108
-1
-1
6366
-1
-1
-1
-1
-1
-1
-1
-1
-1
4632
26814
-1
-1
25020
-1
-1
-1
-1
13642
16321
13946
-1
29833
19761
-1
14804
10142
17260
31620
-1
-1
-1
-1
-1
-1
-1
656
25012
11959
-1
13370
5507
-1
10951
14489
15441
-1
30412
-1
7093
-1
32676
-1
-1
-1
15275
532
-1
-1
32729
27892
-1
28392
13519
23407
9505
20383
-1
28607
4360
-1
-1
29947
-1
-1
489
-1
29756
7470
20666
-1
-1
-1
24705
1259
31687
-1
-1
22045
-1
-1
3154
11833
26919
6738
25776
24314
-1
-1
16469
9722
29007
-1
30947
-1
18717
31376
16626
1334
14171
8964
18866
-1
23775
-1
-1
7551
6379
-1
3789
-1
-1
-1
-1
-1
25563
-1
-1
20308
-1
-1
-1
-1
-1
-1
-1
-1
26611
-1
3832
6461
31461
28498
17291
-1
-1
2317
1595
-1
-1
7028
27909
-1
11503
6816
-1
5385
5230
28681
-1
-1
-1
-1
-1
-1
32764
-1
2047
4592
32657
-1
-1
-1
22740
13675
25790
-1
-1
21604
-1
29744
-1
18718
18259
-1
-1
21479
6300
16853
-1
24593
29849
-1
26160
-1
-1
146
-1
-1
-1
-1
29421
16366
-1
2270
32261
2208
-1
32506
-1
-1
-1
-1
-1
-1
17540
7266
13509
2317
32053
12258
-1
21693
22951
11094
-1
-1
-1
-1
-1
-1
23492
20237
613
21710
5628
-1
31744
8182
6120
6292
-1
-1
-1
13194
-1
-1
-1
6693
26203
17762
-1
29909
-1
26624
7954
-1
-1
-1
1862
-1
23817
-1
-1
-1
6558
3154
-1
5831
3537
-1
2927
30211
-1
-1
12253
-1
20785
10443
10555
9270
-1
-1
-1
-1
-1
7986
14248
-1
12796
-1
-1
30731
24464
14248
20170
-1
7301
-1
23332
32331
-1
19050
-1
-1
-1
19623
-1
-1
-1
7918
-1
-1
-1
-1
-1
8613
18569
-1
-1
27837
-1
23292
-1
-1
30323
-1
-1
25197
-1
17411
-1
-1
3202
24828
27705
-1
20769
-1
31805
29478
21840
-1
26900
-1
16633
-1
-1
18032
-1
10872
-1
12306
-1
32471
7137
-1
-1
3995
7603
18011
-1
14512
530
-1
10258
5906
-1
-1
-1
32719
5224
30435
-1
3582
-1
-1
11146
16589
18237
18759
-1
32677
-1
6300
-1
-1
21595
26615
21006
31641
698
-1
28023
24618
18396
-1
32094
-1
31522
-1
-1
26358
28870
-1
-1
-1
-1
-1
12472
17241
-1
-1
28213
17929
-1
12594
-1
22187
-1
10041
12534
-1
4907
27692
5117
-1
3943
10639
26925
19978
-1
-1
26444
-1
24353
-1
21346
-1
-1
-1
-1
26886
5299
11728
-1
-1
-1
18166
-1
17093
-1
-1
6867
32444
1201
-1
7104
-1
26641
-1
-1
-1
27918
-1
17584
10984
-1
-1
5695
-1
-1
-1
-1
8363
-1
-1
25917
31918
27252
-1
26248
-1
-1
-1
20027
31993
-1
27669
-1
1014
484
-1
-1
1293
6798
-1
-1
-1
-1
1549
-1
-1
24069
26865
15238
13252
-1
-1
23088
-1
-1
10106
12368
-1
-1
-1
-1
-1
24122
906
10189
-1
12351
-1
-1
2097
-1
-1
-1
-1
14651
27844
7741
-1
-1
-1
24514
9227
-1
28356
6227
-1
-1
-1
11698
-1
12489
-1
-1
28410
27089
11950
20122
-1
-1
18277
-1
-1
-1
-1
1751
19751
435
15072
6716
1511
11838
18939
-1
-1
-1
-1
24588
-1
14108
12628
26947
-1
-1
-1
14062
-1
-1
-1
4047
-1
7406
-1
16769
-1
22421
-1
-1
-1
16497
5190
-1
21005
-1
18675
-1
10130
26555
25253
-1
289
25215
-1
940
2997
-1
-1
-1
-1
-1
-1
29613
18682
-1
-1
-1
5033
31864
11857
-1
-1
31708
-1
12437
-1
32701
28583
19692
-1
-1
-1
-1
-1
-1
-1
-1
18677
-1
-1
19533
2286
2734
15349
26984
27792
-1
4055
462
20084
31122
19397
-1
21337
-1
-1
-1
27505
10357
-1
1898
-1
1084
-1
8996
24828
-1
14428
30742
5506
-1
-1
-1
24146
-1
-1
29465
-1
24209
-1
18175
23061
-1
-1
26727
-1
21909
20130
-1
-1
-1
-1
-1
1344
22037
-1
-1
-1
10844
19285
14590
-1
17118
10006
-1
14541
-1
-1
-1
-1
15384
20328
6204
-1
-1
1411
-1
-1
-1
21766
-1
-1
-1
-1
-1
25107
-1
-1
14199
-1
-1
8990
30858
-1
-1
3967
-1
-1
11462
8239
-1
30906
-1
-1
-1
-1
25822
-1
15812
-1
-1
-1
6038
10144
28180
30643
18061
-1
-1
9290
979
21419
22284
29977
-1
18709
-1
16339
-1
21501
18129
1436
22897
4798
-1
1238
-1
12516
-1
-1
-1
-1
-1
10382
-1
28488
-1
-1
-1
20851
23283
-1
3012
-1
23501
-1
5059
27649
-1
24541
15377
-1
-1
138
-1
15055
-1
18222
27441
-1
27834
31441
-1
19974
5137
3241
-1
31015
19252
-1
-1
6966
-1
-1
29334
-1
-1
1205
-1
-1
13465
-1
6259
20217
-1
-1
-1
31505
-1
7666
-1
17632
6046
-1
-1
-1
8326
21184
30350
-1
1025
14336
-1
-1
-1
-1
15896
-1
5692
-1
-1
-1
-1
8315
-1
3760
-1
-1
-1
-1
16806
-1
10790
29182
23116
-1
-1
-1
-1
-1
28621
-1
16754
-1
-1
5638
17420
-1
23865
30833
-1
20189
20183
-1
6753
-1
10600
-1
-1
2151
28963
-1
-1
31476
-1
-1
2264
-1
29942
-1
31155
15257
4464
-1
-1
31065
-1
-1
-1
-1
8042
-1
12584
-1
32200
-1
31302
8833
-1
415
-1
6354
24919
-1
26321
-1
22197
-1
-1
-1
-1
-1
7997
-1
-1
-1
-1
16984
-1
-1
19485
10199
-1
-1
-1
29681
-1
17207
-1
23849
28026
27607
2884
24546
-1
11714
24168
-1
26793
1105
-1
15955
2343
32097
-1
19555
1954
-1
-1
20279
-1
31754
32176
15415
4231
19975
20514
-1
14990
28981
-1
-1
16070
24061
28781
12833
-1
-1
502
30721
31447
-1
2222
-1
-1
12844
21547
-1
-1
31723
16653
28130
-1
-1
-1
29656
-1
-1
-1
31506
10684
-1
26312
-1
-1
26850
5488
-1
20183
27892
6784
12187
-1
18258
8871
-1
-1
24441
16088
13976
18298
-1
3205
29146
-1
917
-1
-1
-1
21735
20373
-1
-1
-1
-1
-1
522
20979
-1
-1
19735
2186
-1
2085
-1
-1
-1
6636
-1
17236
27065
4198
26386
10976
-1
-1
7245
-1
31539
-1
-1
-1
31654
11080
-1
23960
29591
22033
-1
-1
17775
14376
20272
5086
9515
23495
-1
14186
-1
12626
1085
18908
1360
-1
18012
3338
-1
-1
29249
3079
-1
32517
-1
-1
-1
-1
24308
23762
23681
23147
22708
-1
4429
27689
-1
-1
-1
-1
23572
-1
-1
18170
22199
-1
-1
-1
-1
-1
29427
-1
-1
23327
23461
-1
-1
25587
31463
-1
20595
-1
2406
23859
22496
24223
-1
30519
-1
-1
21465
15444
17271
28099
8596
-1
22492
-1
-1
24959
-1
-1
-1
-1
32019
-1
2435
-1
-1
-1
456
-1
-1
11395
31274
-1
-1
18585
-1
-1
-1
-1
-1
-1
-1
17295
16983
-1
2232
15590
17408
-1
22858
-1
-1
-1
5028
25713
-1
17182
11320
-1
3987
-1
-1
27264
26746
10425
13163
5792
-1
2880
-1
-1
4720
-1
3766
5808
-1
-1
17518
-1
-1
25456
29156
3360
-1
-1
22294
-1
7976
-1
-1
29372
-1
21702
20523
20609
-1
-1
-1
1827
-1
14899
10415
-1
-1
10378
17858
-1
-1
5915
24616
-1
-1
20333
-1
-1
30062
-1
12129
1984
-1
-1
18026
-1
-1
5416
14552
12755
-1
3554
6824
28422
-1
-1
19917
-1
12060
9074
-1
31622
-1
11026
26291
10929
-1
10193
-1
-1
-1
15137
13803
7912
-1
29979
-1
-1
27602
-1
12729
-1
-1
-1
-1
28134
24348
9503
-1
18333
20695
-1
-1
17659
-1
6576
-1
3592
628
6811
-1
-1
-1
-1
24956
-1
24620
19724
-1
16406
-1
-1
21691
30538
18104
20353
-1
30623
-1
-1
27842
-1
20135
-1
-1
-1
27804
16909
12779
10083
-1
-1
26099
-1
-1
15290
29959
22139
27580
21778
18456
29444
16125
-1
-1
31180
6064
-1
27479
32482
-1
15333
-1
30732
-1
1064
-1
-1
-1
13896
-1
22638
-1
-1
744
24769
-1
16467
-1
23061
9190
1226
-1
21300
423
5396
-1
21665
32000
-1
30786
-1
31579
17728
12158
23267
734
-1
-1
1570
-1
6890
-1
-1
-1
7545
-1
30787
-1
29942
-1
-1
-1
30837
-1
11886
-1
-1
-1
-1
29881
13020
-1
25893
2357
30336
5950
32405
-1
-1
19094
31270
23017
15253
-1
-1
21505
-1
6562
-1
-1
11134
25050
-1
1852
32521
-1
-1
28366
-1
-1
-1
-1
-1
-1
7432
-1
16735
2792
-1
19029
3059
-1
-1
1135
-1
15271
17780
-1
28295
2403
-1
-1
7285
16678
101
2364
27626
2737
-1
11593
31033
-1
27873
19109
20381
25739
-1
28499
11849
8606
-1
26040
9223
-1
12083
-1
-1
-1
19463
18366
-1
9023
19298
5470
24196
-1
-1
-1
-1
8275
-1
14341
8545
-1
-1
-1
-1
13341
28900
-1
-1
17438
-1
27085
-1
-1
-1
30285
-1
14536
-1
6549
-1
-1
16835
-1
8351
27617
-1
27376
17731
-1
16467
7528
12634
-1
29240
-1
-1
-1
-1
-1
9299
4099
-1
-1
-1
-1
-1
7389
22024
28745
-1
-1
28392
11324
27740
4468
16843
-1
-1
-1
-1
-1
-1
-1
-1
-1
6667
15928
31099
-1
-1
-1
14000
28275
19682
20106
-1
-1
16436
11592
18838
-1
23947
-1
1052
-1
11110
10666
12670
-1
-1
5874
7043
-1
-1
-1
21858
7301
-1
3815
30582
-1
-1
-1
1575
15376
-1
15864
2695
18629
29788
31744
10075
-1
-1
14819
27195
-1
845
-1
21156
-1
9766
22957
-1
6955
-1
8029
-1
-1
-1
8490
28054
-1
32530
-1
-1
22990
-1
26439
21493
-1
-1
21033
-1
-1
-1
5842
18616
-1
15907
-1
-1
30121
2782
6491
14615
13143
-1
-1
14935
25412
-1
-1
16952
1828
429
17699
-1
31794
-1
-1
-1
-1
30388
-1
5202
-1
-1
22249
-1
8090
6823
24701
11558
-1
1041
-1
-1
-1
-1
-1
-1
-1
3902
-1
18775
-1
-1
28622
-1
-1
-1
-1
9782
25188
11960
9923
14659
5943
-1
21389
21788
-1
-1
32707
-1
-1
-1
7271
12344
-1
25636
-1
-1
-1
-1
-1
-1
-1
-1
3362
-1
14078
-1
-1
377
6048
18494
12729
16038
28672
15862
-1
11128
14329
-1
5389
21419
-1
-1
13632
-1
-1
5161
-1
2150
5872
4770
27165
8120
-1
25970
-1
-1
-1
-1
23210
19552
471
-1
-1
-1
26395
20666
-1
26758
-1
-1
30014
-1
29905
28021
-1
-1
17525
-1
26982
-1
28793
19679
31274
32629
12460
21511
27824
7016
-1
30759
2923
-1
-1
8256
10048
1807
-1
-1
24382
-1
30270
1725
-1
-1
6631
-1
12725
30283
-1
-1
13963
7534
2851
-1
29511
30265
3379
16028
-1
-1
30160
-1
22237
24848
7048
28221
13175
-1
12147
23954
3454
1721
10688
-1
-1
30180
24537
-1
9843
-1
29384
-1
5136
7582
-1
-1
-1
26958
-1
5987
-1
-1
-1
8901
14520
13472
-1
-1
-1
-1
-1
15665
-1
-1
16966
868
22828
14144
9449
12003
3240
15610
-1
-1
17187
-1
2565
19251
12081
-1
6358
-1
-1
17457
-1
-1
25756
-1
9298
5234
24019
14062
-1
21793
6881
-1
17898
15842
-1
-1
16500
-1
20323
-1
-1
-1
-1
14932
-1
3495
14648
-1
-1
-1
-1
-1
-1
15800
28134
17177
-1
25304
-1
12537
25851
-1
18938
21228
-1
-1
-1
-1
-1
-1
-1
-1
-1
-1
24727
22353
26542
27149
-1
-1
16748
22815
-1
-1
4749
-1
14331
-1
8768
13178
-1
12695
13929
-1
-1
8752
-1
20238
-1
4208
24171
8503
32174
26107
-1
788
-1
24435
-1
-1
4667
-1
18899
10167
26114
5793
-1
15012
-1
-1
32647
-1
-1
25836
-1
11957
-1
10482
-1
13361
-1
-1
-1
-1
-1
-1
18102
-1
28224
-1
31623
28343
15369
-1
14437
35
-1
24652
28350
28945
-1
2649
29204
25705
-1
-1
20228
-1
8785
19184
-1
27037
-1
-1
-1
13759
-1
-1
6427
9421
-1
9546
21263
21846
9594
17945
-1
-1
25254
-1
-1
-1
28735
20113
-1
29018
-1
-1
26525
-1
19512
2815
-1
23201
-1
3080
23990
-1
3223
-1
-1
2322
-1
-1
-1
-1
5152
29235
22762
6272
-1
-1
17519
-1
-1
-1
19984
-1
30079
16282
-1
2650
-1
25516
17888
-1
-1
27769
9814
-1
-1
17598
5398
-1
-1
-1
3505
-1
19662
14081
-1
26872
19670
-1
-1
-1
-1
-1
-1
-1
16937
-1
13192
19124
-1
26429
-1
13818
1692
-1
13132
30522
-1
31826
1278
22338
-1
6125
-1
6340
-1
-1
8148
9951
-1
3110
-1
13009
-1
10540
22574
-1
-1
-1
24999
23930
-1
25816
-1
20031
9783
-1
8010
32364
-1
-1
-1
25709
4141
8477
-1
8828
-1
-1
-1
-1
30867
-1
12891
1538
-1
-1
10991
-1
11620
22662
16100
10842
10089
22642
21486
-1
11486
-1
9466
3445
-1
15827
31504
-1
-1
27285
-1
-1
23673
-1
-1
-1
-1
-1
-1
17683
-1
18795
-1
-1
30935
-1
-1
-1
3954
13940
-1
23412
-1
11472
-1
-1
18720
-1
-1
-1
-1
-1
10652
-1
1699
-1
-1
-1
11221
31520
-1
25547
27684
2829
32705
15689
-1
25342
-1
-1
-1
19072
16051
11755
-1
1154
10882
-1
11237
15676
-1
24161
8595
-1
-1
-1
27560
-1
8079
-1
-1
-1
-1
-1
-1
29343
27532
-1
4361
-1
8266
-1
4604
25594
-1
-1
23533
-1
31417
-1
11014
-1
-1
7148
-1
-1
-1
16866
4020
15948
5081
31825
-1
13454
-1
-1
13991
-1
20448
-1
29877
31197
10773
26862
29429
-1
-1
21841
-1
-1
-1
14581
19606
-1
13403
21462
-1
26843
-1
14611
692
22270
-1
26112
11845
-1
28603
-1
2508
-1
-1
-1
-1
4193
943
-1
-1
20416
30339
20236
16274
-1
24401
21135
30633
-1
28577
-1
-1
19659
29368
-1
-1
23290
-1
-1
30106
-1
-1
1770
-1
-1
-1
-1
-1
-1
26194
28664
27048
2280
19764
24013
-1
24978
-1
-1
28649
-1
28537
20432
22105
5937
-1
-1
19290
-1
19635
3936
-1
5456
19714
30041
-1
12324
-1
13749
10597
-1
22426
3244
-1
17269
-1
24696
14471
16713
16030
-1
24290
31684
-1
31103
-1
-1
-1
-1
17950
7435
-1
-1
-1
-1
-1
27791
-1
-1
-1
24243
-1
-1
11091
-1
9125
-1
15121
-1
-1
18275
-1
-1
-1
14241
5712
23635
17830
-1
-1
-1
24988
-1
14670
-1
-1
7728
-1
-1
13124
9354
5494
23865
20700
29714
16794
20463
-1
25679
20199
-1
19280
-1
-1
-1
-1
-1
-1
23262
-1
10485
-1
-1
-1
-1
129
-1
-1
-1
5044
-1
7473
333
-1
-1
16534
22322
8202
-1
13269
-1
-1
-1
27610
-1
-1
-1
-1
3055
31065
-1
29284
-1
20523
31587
-1
-1
-1
25750
-1
-1
10630
-1
-1
-1
-1
-1
9964
-1
30389
20488
-1
8188
17264
-1
-1
-1
5854
-1
9524
-1
30120
488
18341
-1
-1
26222
-1
-1
-1
-1
-1
6602
-1
17901
15967
4265
31843
14508
9858
-1
10106
-1
31371
24972
-1
-1
1281
-1
28213
-1
8804
20333
10504
-1
-1
-1
-1
26921
15370
-1
-1
-1
3340
27901
-1
-1
-1
15648
-1
-1
9693
-1
1814
216
6834
-1
20912
-1
27450
-1
9535
-1
25111
-1
-1
-1
32606
-1
9850
18664
-1
15833
6502
27559
11007
-1
21129
-1
27395
17541
3220
20944
7658
-1
-1
4638
-1
-1
-1
32315
2021
17752
-1
-1
13004
-1
1244
-1
8529
9
2429
-1
-1
-1
-1
-1
30873
21880
-1
20570
7629
-1
10597
13163
18621
2815
-1
16999
-1
14164
23511
-1
-1
32737
28655
-1
13290
-1
-1
24061
-1
15273
-1
25191
-1
-1
27879
-1
-1
-1
25061
10970
18064
22050
-1
12978
7161
-1
-1
15183
8695
-1
7468
-1
-1
1849
-1
31142
12155
768
-1
768
-1
3187
-1
-1
17633
19140
31724
-1
-1
26031
-1
-1
13584
-1
-1
-1
-1
-1
-1
-1
24487
-1
22716
31699
21685
-1
6502
7804
10733
-1
-1
-1
-1
9983
3845
-1
-1
-1
23213
11986
-1
-1
-1
5418
27719
16218
-1
9566
23279
4867
26103
30020
-1
-1
-1
16235
-1
4827
-1
32692
-1
-1
6431
-1
-1
-1
11597
31121
-1
-1
5022
1991
5251
-1
24956
15061
27523
-1
29235
24612
-1
6157
-1
-1
-1
-1
-1
19131
8700
-1
24620
-1
30168
-1
20834
32270
10000
-1
-1
-1
-1
-1
-1
-1
28827
21028
-1
-1
30168
29397
-1
-1
-1
32048
-1
-1
-1
14643
-1
-1
-1
-1
16911
19947
9129
14080
-1
-1
-1
14015
13384
20648
5555
-1
30837
25896
-1
-1
15653
-1
4404
-1
30565
-1
3083
18296
778
-1
-1
6006
32670
-1
4524
11787
12629
-1
-1
22638
-1
24041
15063
20066
9583
-1
12082
8831
23290
-1
-1
-1
-1
-1
18497
3215
-1
8437
16338
70
-1
-1
-1
7483
12537
-1
10923
15905
-1
2786
14409
-1
-1
-1
-1
5668
-1
-1
31022
-1
11383
-1
3061
17135
-1
26573
-1
-1
13209
19981
9699
9407
31219
-1
-1
25560
15452
603
5398
-1
-1
-1
27843
7857
-1
-1
18190
-1
-1
26346
30080
7981
7719
32425
-1
32014
12355
5765
31720
-1
709
32544
12541
-1
-1
26141
-1
14824
31098
-1
-1
23754
20903
27609
-1
22917
-1
12432
-1
18461
-1
-1
26645
-1
-1
4333
-1
-1
-1
-1
31008
8835
5675
-1
14642
30318
-1
979
14754
-1
-1
-1
22509
-1
-1
15874
13697
-1
-1
12341
-1
25065
18655
26914
-1
-1
-1
1162
-1
-1
25135
-1
-1
17728
19724
25233
-1
6122
-1
17065
28264
-1
4486
14638
-1
-1
-1
-1
-1
-1
-1
8741
13076
11521
19587
7239
-1
26830
20781
-1
-1
-1
24234
10680
-1
-1
8168
-1
25455
-1
-1
20800
30518
-1
7580
21448
-1
29132
11888
-1
21433
-1
-1
-1
-1
18250
29247
20050
8396
16331
28051
13139
-1
6676
-1
17973
11957
27366
10843
19814
11471
-1
-1
-1
23586
28441
-1
-1
5491
7099
-1
13310
-1
23993
-1
21234
-1
32113
10745
23488
-1
17519
15966
2794
-1
-1
-1
27098
12066
-1
30573
26605
17438
27518
27944
17015
19323
-1
-1
-1
30472
-1
28015
22729
-1
24195
-1
5300
-1
-1
13303
-1
-1
-1
14613
15639
6561
-1
-1
16576
17222
32224
-1
-1
13912
5714
-1
1620
13156
30149
30497
27443
26392
-1
-1
27294
-1
1951
31598
13675
-1
21433
-1
-1
32297
8941
26099
-1
-1
759
16145
-1
-1
-1
-1
-1
-1
-1
-1
-1
29542
27396
-1
-1
12048
-1
10574
21884
-1
-1
-1
-1
30921
-1
23922
26700
-1
-1
-1
-1
17720
-1
31480
21382
-1
16612
-1
-1
-1
-1
26866
32171
-1
-1
15026
-1
-1
-1
10724
15292
-1
15596
-1
-1
-1
-1
-1
-1
-1
29710
9803
-1
21341
-1
23277
30080
4711
8853
5408
-1
-1
19141
-1
-1
-1
-1
19984
17974
-1
1408
19748
5778
8171
27401
4172
20731
-1
-1
-1
-1
-1
13746
5352
-1
17895
-1
-1
-1
16257
23873
-1
-1
-1
11859
-1
22839
13518
-1
23061
-1
28166
26226
-1
27876
-1
-1
-1
-1
3078
16868
25673
4757
13419
-1
189
25956
23725
-1
7178
8716
10287
4738
4605
3799
32407
-1
27656
30583
18593
13362
-1
-1
6219
26664
608
-1
2914
-1
-1
8327
20320
19898
-1
2192
-1
-1
14988
-1
-1
-1
12296
4346
1737
11568
-1
29647
7237
29907
-1
-1
-1
32252
26020
-1
691
2845
4416
-1
18677
-1
1008
-1
15132
31788
4
-1
27649
4868
7901
-1
-1
26927
362
-1
29728
21713
-1
2796
-1
-1
12135
-1
1382
-1
-1
-1
9601
21033
-1
10419
-1
-1
-1
27512
16825
25812
-1
-1
-1
-1
29758
-1
21358
5281
-1
-1
4253
26359
-1
-1
-1
3777
16065
30713
-1
6586
30242
30509
32662
2242
32592
15620
-1
9624
-1
-1
-1
32350
-1
-1
1905
26468
-1
-1
18294
-1
22167
-1
-1
-1
-1
30999
8080
-1
20449
-1
-1
-1
-1
58
-1
-1
-1
-1
-1
8962
30028
13612
16876
19958
-1
23248
12698
5758
-1
-1
7438
-1
-1
11493
-1
-1
10032
-1
-1
29221
-1
-1
20620
14838
21119
23566
17262
29831
-1
-1
-1
32514
-1
-1
-1
-1
-1
-1
606
-1
14737
4015
-1
-1
-1
-1
-1
7538
-1
1887
-1
-1
-1
22174
-1
23718
-1
31623
11211
16589
-1
32487
-1
-1
-1
-1
-1
9488
-1
846
15082
3839
-1
19647
12406
28752
12561
24380
6550
-1
27124
-1
-1
-1
-1
-1
-1
653
21430
-1
-1
19787
6327
-1
10747
-1
23714
-1
15406
12515
31588
-1
26913
1476
-1
-1
-1
-1
-1
9266
9425
3248
-1
7757
19096
8092
7251
13730
5547
-1
14684
-1
-1
-1
-1
10047
-1
-1
-1
-1
-1
30299
-1
6413
-1
28041
27576
10657
-1
29958
2263
-1
6441
10637
26637
-1
4654
31597
-1
19046
-1
8081
-1
15221
10293
-1
-1
693
-1
-1
16238
22675
-1
-1
-1
-1
11099
-1
2466
9359
-1
27928
-1
21866
15266
-1
17431
-1
-1
28449
25260
-1
14966
-1
2474
-1
-1
10820
25069
13927
28884
-1
11978
-1
20191
-1
-1
-1
-1
-1
-1
18222
-1
-1
-1
-1
22969
-1
-1
-1
-1
-1
-1
16979
24478
-1
18886
14720
-1
4442
16983
6817
-1
-1
-1
3795
21252
24140
10855
11052
8445
2997
10789
4705
4447
-1
-1
-1
-1
-1
-1
17803
24263
9316
13777
21828
-1
4444
18374
7535
-1
-1
-1
30393
-1
20944
12912
25496
26706
26216
12133
-1
-1
-1
23206
32418
16791
-1
-1
-1
26495
-1
7694
-1
-1
-1
-1
17460
30586
-1
-1
-1
31559
-1
-1
-1
-1
32060
-1
28548
-1
14268
-1
-1
-1
-1
13114
7750
1728
9977
14025
-1
9783
-1
-1
-1
165
31127
-1
32380
11347
29081
25544
-1
-1
-1
-1
9029
21598
-1
-1
-1
26269
-1
-1
6402
21082
-1
-1
8807
21330
-1
7544
-1
-1
23205
24724
-1
-1
20760
-1
12088
21067
-1
-1
-1
-1
-1
-1
-1
24335
31857
-1
-1
25491
-1
-1
15250
-1
-1
26288
-1
12559
6910
21290
10264
30074
30148
24892
-1
18827
-1
2839
-1
6396
-1
-1
-1
29108
13437
30323
17041
-1
5094
-1
-1
-1
-1
5542
32569
-1
-1
18201
-1
12038
-1
13101
-1
-1
-1
-1
11210
-1
-1
-1
22910
-1
2775
12069
16139
-1
-1
-1
21069
-1
-1
-1
-1
30395
4316
3022
9948
13772
-1
-1
5047
-1
31696
7467
6190
-1
-1
-1
24653
-1
-1
11929
-1
-1
13886
9047
18470
-1
4709
26471
-1
-1
32420
30881
16588
-1
15857
20975
11351
5750
-1
72
31219
-1
-1
10756
-1
-1
17032
28873
7933
30856
-1
32364
-1
23022
-1
17709
6747
-1
-1
7136
-1
-1
12490
-1
-1
25048
-1
31168
-1
-1
-1
-1
-1
766
-1
18321
-1
17995
19463
-1
-1
-1
-1
15955
-1
20461
26660
3163
23378
17334
-1
470
-1
-1
-1
-1
-1
19078
-1
12848
5958
23671
24682
31065
25820
-1
19602
32136
-1
22978
-1
25115
-1
4678
24719
25188
-1
-1
-1
-1
-1
-1
4766
268
10876
-1
16981
-1
-1
-1
-1
-1
8911
387
237
5578
-1
-1
1694
9365
7184
-1
9265
-1
-1
-1
25411
-1
24407
-1
-1
-1
-1
-1
-1
-1
1206
21435
-1
17576
21708
-1
-1
-1
14107
-1
2377
-1
15355
26934
-1
-1
18403
4200
-1
-1
-1
7189
7223
-1
30739
11137
-1
-1
29801
-1
26830
-1
-1
8103
20117
-1
17374
-1
14106
8848
30567
-1
13977
-1
2030
16845
-1
20598
22808
2066
13505
27290
-1
20017
22869
-1
30226
20057
25646
14668
-1
12610
6339
-1
8358
30437
-1
-1
-1
-1
31429
26010
14784
3435
14840
-1
-1
-1
21367
-1
25445
27994
-1
-1
-1
-1
-1
-1
4855
-1
1391
13260
-1
28125
-1
-1
3935
15719
18614
-1
12048
-1
17727
2466
23965
-1
-1
21750
-1
-1
-1
-1
-1
18771
-1
-1
-1
-1
-1
-1
6968
-1
-1
-1
-1
4001
-1
-1
26613
12389
-1
31119
-1
30088
19295
23643
-1
-1
-1
-1
32525
-1
12110
-1
-1
4112
-1
27730
-1
28501
6438
13265
28469
30386
20802
-1
13580
-1
16708
-1
-1
28728
-1
11684
14658
-1
19688
-1
12959
-1
2676
10638
-1
10276
2094
-1
5053
-1
-1
26728
11304
-1
12975
-1
-1
-1
-1
20333
-1
11773
32207
552
4460
23171
29720
-1
-1
31375
11612
-1
-1
24628
583
-1
-1
-1
21985
9772
-1
-1
-1
-1
-1
24908
5300
827
-1
-1
19289
-1
-1
-1
-1
-1
-1
30642
13567
-1
-1
3992
32226
25045
2548
30444
-1
4670
22318
21967
3572
-1
-1
1789
-1
-1
18300
8434
-1
4617
47
23340
6484
29814
-1
-1
-1
-1
30370
-1
31051
22677
260
15117
-1
12919
-1
-1
-1
-1
-1
14969
14398
-1
26850
25605
8428
-1
-1
3032
16387
31464
15380
16702
-1
-1
-1
388
17802
-1
27147
-1
-1
24312
-1
-1
32555
-1
13117
19763
-1
18667
31146
-1
15707
-1
-1
18482
1802
-1
10506
-1
29144
19224
28101
18740
-1
-1
-1
18589
-1
26912
-1
8400
19514
-1
22711
18284
-1
-1
14394
27123
-1
-1
10258
30876
18706
8795
-1
-1
16139
2839
-1
30752
-1
-1
-1
-1
5584
-1
-1
-1
-1
25522
14712
13631
17454
-1
-1
-1
20925
25868
29555
-1
19207
-1
29323
-1
30634
21426
4611
869
-1
800
24985
32362
25922
27401
-1
11347
27091
11160
-1
-1
-1
15281
20795
29411
19647
-1
-1
25100
15717
-1
-1
6423
29409
-1
-1
-1
-1
29807
-1
19264
-1
-1
-1
30095
10449
29755
-1
-1
-1
-1
-1
6862
-1
-1
-1
-1
28251
-1
30979
-1
13991
12413
28451
-1
-1
-1
14541
26435
14799
-1
-1
28584
8113
-1
8373
15031
7253
-1
-1
-1
20600
17192
-1
-1
-1
-1
25809
-1
-1
-1
12242
22869
21136
-1
11612
26826
625
-1
27388
14868
4413
9726
22085
-1
5256
-1
-1
-1
11915
12222
-1
17629
16916
19661
18424
10447
32719
32382
-1
-1
3749
15991
-1
3317
-1
-1
-1
-1
1925
27182
-1
16255
-1
-1
24813
-1
-1
-1
-1
-1
15986
-1
-1
-1
16218
-1
13163
-1
-1
26843
-1
7326
-1
-1
19869
15458
-1
-1
-1
16828
-1
25899
8592
-1
-1
15536
31493
5021
-1
22218
-1
9496
3217
5403
14776
9711
7254
9942
1500
15866
-1
6398
182
-1
-1
-1
-1
-1
25248
-1
-1
27103
-1
29723
-1
-1
27117
15469
-1
-1
10584
-1
-1
-1
-1
-1
-1
-1
-1
2621
11465
-1
-1
29766
1496
-1
29967
-1
-1
-1
-1
-1
9924
-1
26200
-1
5249
-1
-1
27358
10469
5475
4246
-1
-1
-1
-1
17501
12625
9947
-1
20917
-1
32184
24639
29260
253
32237
-1
-1
-1
19460
27491
-1
27940
-1
-1
-1
-1
2790
7125
-1
24946
1754
31523
-1
23546
30478
8918
25684
22356
-1
6127
-1
18826
-1
16024
10755
14619
12384
-1
15635
2199
-1
11508
29915
9354
-1
-1
4410
-1
22092
14881
-1
-1
21301
30702
25896
-1
-1
20979
22014
-1
-1
-1
12068
30524
-1
-1
1118
27602
12042
22942
-1
-1
30838
-1
-1
-1
8550
-1
-1
-1
4117
23906
18189
-1
4409
-1
-1
8107
19913
-1
-1
-1
15249
13202
31934
8672
-1
17942
-1
15008
-1
-1
727
-1
-1
18158
3644
-1
18752
20224
-1
13331
30753
326
12728
28061
-1
17153
16891
-1
31809
-1
5134
-1
-1
-1
11049
-1
-1
27725
3162
-1
-1
-1
17670
-1
6221
20037
2807
23666
-1
-1
3106
-1
6444
23259
22956
12891
14605
24757
16028
4920
19129
15089
20864
15472
-1
-1
-1
22222
21183
-1
-1
22454
6847
6824
-1
11991
-1
-1
-1
-1
21375
-1
-1
162
-1
-1
6888
5363
3636
-1
-1
-1
-1
-1
13704
-1
20353
-1
-1
-1
27557
1546
18796
22693
10605
6838
15179
10782
1556
20840
3279
-1
-1
-1
-1
-1
6635
7516
-1
23017
30203
27823
-1
32632
-1
-1
-1
-1
-1
12809
-1
-1
27743
-1
28396
22035
24434
1804
3952
2331
-1
-1
31731
1146
30942
17330
30047
7426
14614
1705
27365
21044
-1
32120
10038
10388
-1
-1
-1
-1
-1
-1
-1
21834
9765
-1
31786
-1
-1
-1
-1
19530
-1
-1
19797
-1
-1
-1
14833
2703
15460
-1
-1
-1
-1
-1
16590
-1
21013
-1
10068
-1
-1
7701
23494
18126
-1
25443
12515
90
29569
-1
26130
-1
-1
-1
17230
4309
-1
-1
24932
-1
16191
-1
8579
28210
37
9818
712
6718
9289
-1
-1
-1
25453
20165
28770
739
15837
7456
24366
-1
17586
-1
25
3309
-1
11721
-1
21389
-1
-1
14377
23438
-1
-1
-1
-1
-1
9643
26612
-1
-1
-1
5144
-1
27879
-1
-1
7087
-1
-1
-1
19946
13407
-1
16395
24320
14767
5354
-1
25156
4500
-1
22309
-1
2289
-1
14127
-1
-1
9793
16157
23156
24466
-1
-1
-1
31935
12833
-1
19202
-1
-1
25361
17784
-1
18771
4012
-1
-1
18769
7588
31774
-1
-1
4198
29753
3864
-1
30125
29007
-1
-1
21878
4403
15739
-1
27680
-1
-1
-1
-1
-1
-1
-1
17552
30442
-1
8889
31265
-1
-1
-1
20925
-1
14361
-1
-1
17156
4605
-1
-1
12250
-1
-1
-1
28786
-1
-1
3617
-1
-1
23296
28223
11048
-1
18166
4981
-1
29443
-1
-1
-1
-1
3650
-1
14731
-1
1942
8388
-1
-1
8073
737
-1
11431
-1
-1
17008
20202
1245
6629
-1
-1
16884
24729
-1
29591
14964
30298
-1
19245
28222
10860
13770
-1
-1
-1
3252
13740
26835
5489
26548
-1
20543
-1
-1
4436
29662
9166
29055
-1
-1
1861
18493
-1
23644
-1
-1
-1
10463
32610
12619
30880
-1
18847
-1
13696
23500
-1
-1
21011
-1
-1
-1
-1
-1
25932
12582
-1
-1
17843
7909
-1
4530
-1
7058
-1
30257
8740
-1
6257
-1
-1
11743
3802
24298
-1
7977
-1
19293
19628
-1
3771
-1
-1
-1
-1
5677
-1
7091
9183
-1
32632
17318
31613
6849
-1
-1
-1
-1
-1
15177
19968
377
-1
-1
-1
-1
29745
32432
10494
-1
-1
18538
-1
20339
22073
10219
27217
10446
23498
-1
-1
-1
199
-1
23443
15690
-1
-1
21288
18300
-1
9067
3826
-1
-1
20734
23893
-1
19959
-1
-1
17945
-1
15565
15670
20880
-1
10460
-1
-1
5783
-1
4987
-1
-1
23714
-1
-1
-1
-1
7614
17139
4762
-1
28448
22530
-1
-1
-1
25960
26245
31643
-1
4948
1863
-1
23360
14898
30584
-1
-1
-1
9479
15399
27000
-1
10980
-1
17852
27829
-1
-1
29881
19380
7639
-1
29644
-1
-1
21694
17709
21826
29204
-1
2250
2160
15060
-1
-1
-1
-1
-1
28
-1
-1
3787
-1
2278
30533
21891
-1
19778
3698
-1
27357
16703
-1
5596
8541
-1
-1
23415
-1
-1
-1
-1
-1
29899
-1
-1
-1
27725
-1
29551
-1
-1
-1
22988
-1
-1
31570
28233
-1
-1
-1
-1
14636
-1
11925
7976
9599
-1
5851
32667
7357
-1
26452
31600
-1
28414
-1
10742
1228
22215
-1
24524
21154
12940
32184
25628
30963
-1
-1
-1
-1
-1
-1
10120
16897
-1
-1
-1
-1
-1
30990
20192
-1
-1
-1
24952
-1
-1
-1
-1
-1
9561
3154
28698
18390
-1
-1
14901
3905
-1
22187
23728
6335
-1
-1
11754
18075
-1
-1
-1
610
-1
25455
-1
30588
29721
-1
-1
-1
-1
1943
-1
2069
17016
9859
18551
10872
10963
23901
28889
2188
-1
14990
-1
-1
-1
11859
-1
-1
9671
-1
-1
-1
-1
-1
-1
11240
-1
12879
-1
-1
-1
-1
11021
31620
9847
13925
-1
28899
24804
-1
-1
13538
5156
24200
16432
13047
-1
24546
-1
14241
-1
-1
-1
15031
-1
-1
18328
2739
-1
-1
6184
8484
-1
19689
-1
-1
-1
-1
14775
-1
3971
-1
-1
17540
-1
19654
7339
-1
-1
-1
-1
1338
-1
31491
8189
30997
-1
-1
12926
21591
-1
-1
6744
5512
4772
22771
-1
21448
-1
14512
13855
6762
9196
9164
-1
-1
6813
-1
-1
18254
-1
4429
-1
11358
-1
28943
-1
22712
-1
28039
30730
12337
-1
19274
26681
-1
8643
10450
18978
-1
-1
9747
14400
-1
-1
24814
18968
24017
-1
21270
8012
29984
3461
-1
-1
-1
-1
19490
944
7770
-1
437
7487
-1
-1
-1
16031
-1
6091
-1
9963
15183
3848
-1
9025
-1
11444
29073
20873
26559
15993
-1
-1
3959
-1
-1
-1
14662
26058
-1
7179
30073
-1
-1
18481
18880
-1
-1
28241
-1
25573
-1
-1
-1
28941
3425
-1
16736
30054
-1
16921
27935
7604
5050
-1
19881
-1
-1
-1
-1
-1
13273
4497
25576
20325
23829
-1
28989
27883
18421
-1
22734
-1
-1
24787
-1
-1
18316
-1
-1
-1
26271
-1
-1
100
-1
26890
7417
19018
-1
-1
667
12032
8641
11258
-1
-1
9687
21618
-1
20536
-1
-1
-1
-1
-1
21256
-1
-1
-1
30248
15544
-1
-1
8337
17034
-1
-1
13235
-1
15816
13197
-1
27223
-1
30962
21428
-1
28489
1984
6535
-1
-1
15535
-1
-1
-1
27154
-1
-1
21763
-1
-1
16518
17664
7524
9806
28590
27415
-1
-1
-1
-1
4850
-1
-1
-1
-1
21006
703
-1
-1
4751
-1
-1
23301
9502
-1
-1
-1
-1
-1
-1
-1
-1
5051
2710
7507
-1
-1
-1
24795
3621
-1
-1
22807
1265
8373
17185
26655
-1
-1
-1
-1
9651
16242
-1
28552
-1
-1
27387
27325
22091
-1
-1
-1
-1
13521
7855
-1
1578
-1
-1
29321
10100
-1
-1
-1
-1
12953
-1
31041
-1
7253
-1
-1
-1
2749
-1
-1
-1
-1
4922
29746
-1
31310
-1
30259
32453
21256
21003
-1
-1
-1
-1
8828
17191
19957
31465
32031
-1
12955
32654
5018
-1
28407
-1
18804
-1
-1
5798
-1
-1
-1
-1
-1
20593
-1
29386
6115
16540
-1
19827
25582
22090
6231
1684
-1
-1
-1
28083
