153
292
491
1869
2995
778
3902
1842
4827
5436
5447
5705
6334
6868
9040
9894
9961
11478
11538
11840
4639
11942
12382
12623
6270
12859
14604
14771
15350
15573
15724
1150
16118
11337
16541
10383
16827
9758
16944
17035
17421
4041
6359
6483
8281
9374
10291
18467
18588
467
18716
2421
18762
9514
19169
5249
17451
19668
3093
1587
3195
9503
13458
12292
7958
11511
14989
1416
4886
10021
5075
18190
19718
14688
19796
19895
5002
10285
4169
17189
19912
19954
7441
3753
18060
20055
16687
12949
3297
16282
17437
18114
20142
20537
912
20671
481
4313
20222
20798
11173
21425
4745
13186
2168
7391
9905
4414
7487
7518
11833
13985
17253
7627
21724
2625
21726
22355
13061
13031
22386
22483
22646
8360
235
18896
19711
22648
22704
22888
23281
21694
1018
2800
21119
20315
7164
12043
22466
14474
5629
6902
3737
23622
1264
23646
23655
23757
6411
21153
18662
17578
17713
21763
23805
6439
23811
2324
23851
14887
12993
19405
6072
18823
22850
23216
23986
23271
24372
10112
11585
24229
24393
24423
3584
2963
6654
21457
24464
24626
4675
25423
23754
17825
1626
12193
5556
15205
6962
20175
22279
23850
13142
19855
25667
26154
26292
26299
12818
26302
26500
26869
19497
11258
15145
19314
20040
3829
5997
8683
12181
15759
20601
20608
6287
15498
22663
25824
7591
7619
4975
9232
12164
11247
26129
26740
22913
18678
26924
26962
27157
15944
9601
14423
14015
21132
23245
25347
27152
26463
27348
27432
27489
27506
21221
20888
27593
27644
27813
25620
4536
15185
11224
3359
18035
9496
9515
6705
16036
16142
20426
1131
1355
1650
4186
10893
13452
5454
17841
21025
21948
23342
24429
15264
16858
21080
24028
24155
24766
2220
24948
26303
3878
12392
19008
21945
23971
6234
6410
25313
26909
27892
58
24937
15117
1954
3039
788
1679
7815
28
8380
10008
1071
18132
20825
24484
2598
24778
25898
10116
1528
7864
8405
1340
25951
26153
27681
27938
20415
23941
27531
28019
1012
1054
12290
14708
24307
16439
26630
26809
7479
10866
12158
13037
21196
4098
6602
13882
4575
18352
13851
658
792
1655
8638
10940
11521
13234
15075
330
1278
10910
2505
12549
15147
16336
7085
9970
18397
19897
19949
21188
18819
1941
8419
23146
24230
1615
26423
28027
16074
19695
28145
28164
8779
10422
15495
17968
19426
4460
23552
21577
7950
26031
26122
28286
28296
13428
28318
28321
4415
4319
5204
3447
2376
8166
11367
11759
19490
21787
15969
22018
26222
26948
7727
15871
18703
28350
28396
28433
2111
8850
21313
24237
19793
20267
702
22830
8823
25472
2327
16595
28149
28182
28442
5651
28570
28652
21286
28666
28685
28689
3503
5841
10938
28458
19435
7586
20278
28614
28703
6766
8928
11599
11369
12433
21794
9535
28704
28712
26841
27649
28962
19854
4919
3340
22578
8483
24474
29011
25011
29168
29288
2785
28791
29292
9277
1620
13826
19790
26489
26979
29334
29358
29361
27967
29556
14196
15370
29565
28761
29704
16683
25452
29790
29812
29855
29873
29891
10904
4680
7240
8670
14387
12105
17095
25249
29901
29996
27577
30093
24081
30191
11784
27753
30195
30303
30333
7514
30556
30568
30648
30695
30814
30838
30877
30974
5874
14629
8146
9091
26052
26857
23183
16097
2513
28162
16878
31001
2445
6149
13489
17282
27432
4882
17641
31060
31068
31185
31286
8486
9646
4860
11777
12503
8752
19447
18318
24455
25759
24998
26281
29082
30422
31322
8153
31329
6450
14199
19926
23245
1181
1550
7172
18643
26363
31426
31540
31556
16671
30032
31577
15431
31627
2206
15529
17984
18166
3684
21617
24390
25928
26578
12420
6085
18271
31020
31754
31762
31982
14507
7152
337
10268
17604
19413
28074
7355
3181
10987
8217
29447
30038
3964
4872
13525
15084
27080
3251
12079
11874
12933
5725
13559
13713
7905
17040
20663
21080
10508
22885
25680
27936
7740
707
8880
11072
12481
16225
18136
9714
13290
20666
5303
18661
21979
24512
24773
20083
25043
7229
1594
6540
12244
5006
15005
18864
15993
18965
2669
1457
11807
20183
23487
23955
24326
27368
28315
14723
29033
24227
7721
495
8055
15022
1608
19771
23445
24245
24604
20078
4987
18805
27338
1908
21630
24474
27372
27606
28135
14119
24684
28223
10737
12737
8793
20667
22795
24125
29105
28074
3351
20476
23072
29130
29151
3239
29221
10681
18479
13998
15826
8978
23639
24828
24834
27005
27621
25141
29264
29271
18413
29301
31339
11382
13874
7811
9467
16360
1570
9099
8456
17226
19410
26819
26867
8044
7450
26803
27189
29383
17954
23569
30048
893
30502
31690
2352
10722
10002
19611
4042
6135
12361
22194
9462
14964
20061
3730
20073
23188
23258
23941
26363
28102
28773
29731
30338
13043
1563
5220
2883
1892
3917
7240
9273
9492
9850
12686
13028
14589
5566
1497
6459
6640
2138
8290
8421
8890
12504
12993
15477
16081
16840
12935
7746
16840
18630
5752
19567
19770
19864
20386
21476
22307
16193
17103
13694
22630
22659
24459
24917
25679
669
20123
22861
25436
10816
18684
13930
19814
1604
7195
22667
9858
17889
25598
26610
26
2503
26412
4755
3565
8187
14428
6478
5045
5821
17651
21085
21265
2737
22675
25134
1071
10935
13573
17282
25502
26787
26798
27037
27273
839
20829
19645
28047
28262
28596
28641
1401
3542
6125
6724
16002
15137
19203
821
2944
17668
20169
1623
21138
841
12536
700
23041
11829
25095
27478
27700
29065
29250
22885
29681
29866
5084
29876
30231
9412
14193
29400
30308
30862
31071
31151
31250
31426
31635
15621
18108
6366
20542
22086
22597
24254
27734
31981
31998
32029
4632
26814
25020
32072
32074
32119
13642
13946
10142
14804
16321
17260
19761
29833
31620
656
5507
10951
11959
7093
13370
14489
15441
532
15275
25012
9505
4360
13519
20383
23407
489
7470
20666
27892
1259
24705
22045
28392
3154
6738
9722
11833
1334
8964
14171
6379
3789
7551
16469
16626
18717
18866
23775
20308
24314
25563
25776
26919
28607
29007
29756
26611
3832
6461
1595
2317
7028
6816
5230
5385
11503
17291
27909
28498
28681
2047
4592
29947
13675
22740
21604
25790
18259
18718
6300
16853
21479
24593
146
26160
29744
29849
16366
2208
2270
29421
30412
30947
31376
31461
2317
7266
11094
12258
13509
17540
21693
613
5628
6120
6292
8182
13194
20237
6693
17762
7954
21710
22951
1862
23492
23817
26203
3154
3537
2927
5831
6558
9270
10443
10555
12253
20785
7986
12796
14248
14248
7301
20170
19050
23332
24464
19623
26624
29909
7918
30211
30731
31687
31744
8613
18569
27837
23292
32053
30323
32182
25197
17411
32195
3202
20769
21840
24828
16633
26900
18032
10872
12306
7137
27705
3995
530
5906
7603
10258
5224
3582
14512
11146
16589
6300
18011
698
18237
18396
18759
21006
21595
24618
26358
26615
28023
12472
17241
17929
12594
22187
10041
4907
3943
5117
10639
12534
19978
21346
24353
26444
5299
11728
26886
18166
17093
26925
1201
6867
7104
26641
27692
27918
10984
17584
5695
28213
28870
29478
8363
30435
25917
26248
27252
31522
20027
27669
484
1014
1293
6798
31641
31805
1549
31918
13252
15238
23088
24069
10106
12368
26865
31993
32094
906
10189
12351
2097
24122
32196
32203
7741
14651
27844
9227
6227
24514
28356
11698
12489
32261
11950
20122
18277
27089
28410
32270
435
1511
1751
6716
11838
12628
14108
15072
14062
18939
19751
4047
7406
16769
22421
24588
26947
5190
16497
18675
10130
289
940
2997
21005
25215
25253
26555
18682
29613
32331
5033
11857
31708
12437
19692
28583
31864
32391
32444
32471
32498
32506
18677
32588
2286
462
2734
4055
15349
10357
1898
1084
8996
5506
14428
19397
19533
20084
21337
24146
18175
23061
24209
20130
21909
24828
26727
26984
1344
22037
27505
10844
10006
14541
14590
17118
19285
6204
15384
1411
20328
27792
21766
29465
30742
31122
32604
25107
32627
14199
32657
8990
30858
3967
32676
8239
11462
30906
32677
32678
25822
15812
32683
32701
6038
10144
979
9290
16339
1436
1238
4798
12516
18061
18129
18709
10382
21419
21501
22284
20851
3012
22897
5059
15377
23283
138
15055
18222
23501
3241
5137
19252
6966
19974
24541
27441
1205
27649
13465
6259
20217
27834
28180
7666
6046
17632
28488
8326
1025
14336
21184
29334
15896
5692
29977
30350
30643
8315
3760
31015
31441
31505
16806
10790
23116
29182
32719
32726
28621
16754
32729
5638
17420
20183
6753
10600
20189
2151
23865
28963
30833
2264
29942
4464
15257
31065
31155
31476
32756
8042
12584
32200
8833
415
6354
24919
22197
26321
31302
32757
32764
7997
32765
16984
10199
19485
29681
17207
2884
11714
1105
2343
1954
15955
19555
4231
14990
15415
12833
16070
502
2222
19975
12844
20279
16653
20514
21547
23849
24061
24168
10684
24546
26312
5488
6784
8871
12187
13976
3205
917
16088
18258
18298
20183
20373
21735
24441
522
20979
2186
2085
19735
26793
6636
4198
10976
7245
17236
26386
26850
11080
22033
23960
5086
9515
1085
1360
3338
3079
12626
14186
14376
17775
18012
4429
18908
20272
22708
23147
23495
18170
22199
23572
23681
23762
24308
27065
23327
23461
25587
20595
2406
22496
23859
8596
15444
17271
21465
22492
24223
24959
27607
2435
27689
27892
456
28026
11395
28099
18585
28130
28781
28981
29146
29249
29427
16983
2232
15590
17295
17408
5028
11320
3987
17182
5792
2880
10425
4720
3766
5808
13163
17518
3360
22858
22294
7976
25456
25713
20523
20609
21702
1827
10415
14899
10378
17858
5915
24616
20333
26746
27264
1984
12129
18026
29156
5416
3554
6824
12755
9074
12060
10929
10193
11026
14552
7912
13803
15137
19917
12729
26291
27602
28422
9503
18333
20695
17659
6576
628
3592
6811
24348
24956
19724
16406
24620
18104
20353
21691
27842
20135
28134
29372
10083
12779
16909
26099
15290
16125
6064
18456
15333
21778
1064
22139
27479
13896
22638
27580
744
16467
1226
423
5396
9190
734
12158
1570
6890
17728
21300
7545
21665
23061
23267
24769
27804
11886
29444
29591
29656
13020
2357
5950
15253
19094
21505
6562
23017
11134
1852
25050
25893
28366
29881
29942
29959
29979
7432
2792
3059
16735
1135
15271
2403
17780
101
2364
2737
7285
8606
9223
11593
11849
12083
5470
9023
16678
18366
8275
8545
14341
19029
19109
13341
19298
17438
19463
20381
24196
25739
14536
6549
26040
16835
8351
17731
7528
12634
16467
27085
27376
27617
4099
9299
27626
27873
28295
7389
22024
4468
11324
16843
27740
28392
28499
28745
28900
29240
6667
15928
30062
14000
19682
11592
16436
1052
10666
11110
5874
7043
12670
7301
3815
18838
20106
1575
2695
10075
14819
845
15376
9766
6955
8029
15864
18629
8490
21156
21858
22957
21493
22990
21033
23947
26439
5842
15907
18616
2782
6491
13143
14615
429
1828
14935
16952
17699
25412
5202
27195
22249
6823
1041
8090
11558
24701
28054
28275
29788
3902
18775
30121
28622
30285
30336
30388
5943
9782
9923
11960
14659
21389
7271
12344
21788
25188
25636
30519
30538
30582
30623
3362
14078
30721
377
6048
5389
11128
12729
13632
5161
2150
4770
5872
8120
14329
471
15862
16038
18494
19552
20666
21419
23210
25970
17525
26395
7016
2923
12460
1807
8256
10048
1725
19679
6631
12725
21511
2851
3379
7534
13963
7048
1721
3454
10688
9843
12147
5136
7582
13175
16028
5987
22237
23954
8901
13472
14520
24382
24537
15665
24848
868
3240
9449
2565
6358
12003
12081
14144
15610
5234
6881
9298
14062
15842
16500
16966
17187
17457
14932
3495
14648
17898
19251
20323
21793
15800
17177
12537
18938
21228
22828
24019
25304
25756
25851
26758
26958
26982
22353
24727
16748
22815
4749
14331
8768
12695
13178
8752
13929
4208
788
8503
20238
4667
5793
10167
15012
18899
24171
24435
11957
10482
13361
25836
26107
26114
26542
27149
18102
27165
15369
35
14437
2649
24652
20228
8785
19184
25705
27037
13759
27824
6427
9421
9546
9594
17945
21263
20113
21846
25254
26525
2815
19512
3080
3223
23201
2322
23990
28021
28134
5152
6272
17519
22762
28221
19984
16282
2650
17888
25516
9814
27769
5398
17598
28224
3505
14081
19662
19670
26872
28343
28350
28672
28735
16937
13192
19124
1692
13132
1278
6125
6340
13818
8148
3110
9951
10540
13009
22338
22574
23930
9783
8010
20031
24999
4141
8477
8828
25709
25816
26429
1538
12891
10991
10089
10842
3445
9466
11486
11620
15827
16100
21486
22642
22662
23673
27285
17683
18795
28793
28945
29018
29204
3954
13940
11472
23412
18720
29235
29384
29511
29905
10652
1699
30014
30079
11221
2829
15689
25342
25547
11755
1154
10882
8595
11237
15676
16051
8079
19072
24161
27560
27684
30160
27532
4361
8266
4604
25594
23533
29343
11014
30180
7148
30265
30270
4020
5081
13454
13991
15948
10773
16866
20448
21841
26862
14581
13403
19606
692
11845
14611
2508
21462
22270
26112
943
4193
16274
20236
20416
21135
19659
24401
23290
26843
28577
28603
1770
29368
29429
29877
30106
30283
2280
19764
24013
24978
5937
20432
19290
3936
5456
12324
10597
3244
13749
14471
16030
16713
17269
19635
19714
7435
17950
22105
22426
24290
24696
26194
27048
24243
27791
11091
9125
15121
28537
18275
28649
28664
5712
14241
17830
23635
14670
24988
7728
30041
5494
9354
13124
16794
19280
20199
20463
20700
23262
10485
23865
25679
29714
129
30339
30522
5044
333
7473
8202
13269
16534
22322
27610
30633
30732
30759
3055
29284
20523
30786
30787
25750
30837
10630
30867
30935
31033
31065
9964
20488
8188
17264
30389
5854
9524
488
18341
26222
30120
31099
31103
31180
6602
4265
9858
10106
14508
1281
15967
8804
10504
17901
20333
15370
24972
26921
3340
27901
28213
15648
31197
9693
216
1814
6834
9535
20912
25111
27450
31270
9850
6502
11007
3220
7658
4638
15833
17541
2021
17752
13004
1244
9
2429
8529
18664
20944
21129
7629
2815
10597
13163
14164
16999
13290
18621
20570
15273
21880
23511
24061
25191
27395
10970
7161
12978
8695
7468
15183
1849
768
768
3187
12155
17633
18064
19140
22050
13584
25061
26031
27559
27879
28655
30873
24487
21685
6502
7804
10733
22716
3845
9983
31142
11986
23213
31274
5418
4867
9566
16218
16235
4827
23279
26103
6431
27719
30020
11597
31121
1991
5022
5251
6157
15061
24612
24956
27523
8700
19131
24620
10000
20834
29235
30168
31274
31371
31417
21028
28827
29397
30168
31447
31463
31504
31506
14643
31520
31539
31579
9129
14080
16911
5555
13384
14015
15653
4404
19947
778
3083
6006
4524
11787
12629
9583
8831
12082
15063
18296
20066
3215
70
8437
16338
7483
10923
2786
12537
14409
15905
5668
18497
20648
11383
3061
17135
22638
9407
9699
603
5398
13209
7857
15452
18190
19981
7719
5765
709
7981
12355
12541
14824
20903
22917
12432
18461
23290
23754
24041
4333
25560
25896
26141
5675
8835
979
14642
14754
22509
26346
13697
15874
12341
18655
25065
26573
1162
26645
25135
26914
17728
6122
17065
4486
14638
19724
25233
27609
27843
28264
7239
8741
11521
13076
10680
19587
8168
20781
24234
20800
7580
11888
21433
21448
25455
26830
8396
6676
10843
11471
11957
13139
16331
5491
7099
13310
17973
10745
2794
15966
17519
12066
17015
17438
18250
19323
19814
20050
5300
21234
13303
22729
23488
6561
14613
15639
16576
5714
1620
13156
13912
1951
13675
17222
8941
21433
759
16145
23586
23993
24195
26099
26392
26605
27098
27294
27366
12048
10574
21884
27396
27443
27518
23922
26700
27944
28015
17720
21382
16612
28051
28441
29132
26866
29247
15026
29542
30080
10724
15292
15596
30149
30318
30472
30497
30518
9803
21341
4711
5408
8853
19141
23277
29710
17974
1408
4172
5778
8171
19748
5352
13746
17895
19984
16257
20731
23873
11859
13518
22839
23061
26226
27401
27876
28166
3078
189
3799
4605
4738
608
2914
4757
6219
2192
7178
8327
8716
10287
1737
4346
7237
11568
12296
691
2845
1008
4
4416
4868
362
7901
2796
13362
12135
1382
13419
14988
9601
10419
15132
16868
16825
18593
18677
19898
20320
5281
21033
4253
21358
21713
3777
2242
6586
9624
15620
16065
23725
1905
25673
18294
22167
25812
25956
26020
8080
20449
26359
26468
26664
58
26927
27512
27649
27656
8962
5758
12698
7438
13612
11493
16876
10032
19958
23248
29221
14838
17262
20620
21119
23566
29647
29728
29758
29831
606
4015
14737
29907
30028
30080
7538
1887
30242
30509
22174
23718
11211
16589
30565
30573
30583
30713
9488
846
3839
6550
12406
12561
15082
19647
24380
653
21430
6327
10747
19787
12515
1476
15406
23714
26913
27124
3248
5547
7251
7757
8092
9266
9425
10047
13730
14684
19096
28752
6413
10657
2263
6441
4654
10637
8081
10293
15221
693
19046
16238
22675
26637
27576
11099
2466
9359
15266
17431
21866
25260
14966
2474
27928
10820
11978
13927
20191
25069
28041
28449
28884
18222
29958
30299
30837
22969
30921
30999
31008
31022
31098
16979
14720
4442
6817
16983
2997
3795
4447
4705
8445
10789
9316
4444
7535
10855
11052
12133
12912
13777
16791
17803
18374
18886
7694
20944
21252
21828
17460
23206
24140
24263
24478
25496
26216
26495
26706
14268
28548
30393
30586
1728
7750
9783
9977
165
11347
13114
14025
25544
9029
21598
29081
26269
31127
6402
21082
8807
7544
21330
23205
24724
20760
12088
21067
31219
31480
31559
31587
31588
24335
31597
25491
31598
15250
31622
26288
6910
10264
2839
6396
12559
18827
13437
5094
17041
21290
24892
5542
29108
18201
12038
13101
30074
30148
30323
11210
31623
31623
22910
2775
12069
16139
21069
31654
31684
31699
3022
4316
5047
6190
7467
9948
13772
24653
11929
30395
9047
4709
13886
16588
5750
72
11351
10756
15857
7933
17032
18470
6747
17709
7136
20975
12490
23022
25048
26471
28873
30856
30881
31168
766
18321
17995
19463
31219
31696
15955
3163
470
17334
20461
23378
26660
19078
5958
12848
19602
22978
4678
23671
24682
24719
25115
25188
268
4766
10876
16981
25820
31065
237
387
1694
5578
7184
8911
9265
9365
24407
25411
31720
31723
31724
31744
1206
17576
21435
21708
14107
2377
15355
26934
4200
18403
31754
7189
7223
11137
29801
26830
30739
8103
17374
8848
13977
2030
2066
13505
14106
6339
8358
12610
14668
16845
3435
14784
14840
20017
20057
20117
20598
21367
22808
22869
4855
1391
13260
25445
3935
12048
2466
15719
17727
18614
21750
23965
25646
18771
26010
27290
27994
28125
30226
6968
30437
30567
31429
4001
31788
12389
26613
19295
23643
30088
31119
31794
12110
31825
4112
27730
6438
13265
13580
16708
20802
11684
14658
12959
2676
2094
5053
10276
10638
11304
12975
19688
26728
20333
552
4460
11612
11773
583
23171
24628
9772
21985
28469
28501
28728
827
5300
19289
24908
29720
30386
31375
31826
13567
30642
2548
3572
3992
1789
4670
8434
47
4617
6484
18300
21967
260
12919
15117
22318
22677
23340
14398
8428
14969
3032
15380
16387
388
16702
17802
24312
25045
25605
13117
18667
15707
19763
1802
10506
18482
18740
19224
18589
26850
8400
18284
19514
14394
22711
8795
10258
2839
16139
18706
26912
27123
5584
27147
28101
29144
13631
14712
17454
20925
19207
25522
869
800
4611
11160
11347
15281
19647
15717
20795
6423
21426
24985
25100
25868
19264
25922
27091
10449
27401
29323
29409
29411
6862
29555
29755
29807
28251
29814
12413
13991
28451
14541
14799
8113
7253
8373
15031
17192
20600
26435
28584
25809
30095
30370
12242
625
4413
5256
9726
11612
11915
10447
12222
3749
3317
14868
15991
16916
1925
16255
17629
18424
19661
21136
22085
22869
15986
24813
26826
16218
13163
27182
26843
7326
27388
15458
19869
30444
16828
8592
25899
5021
15536
1500
182
3217
5403
6398
7254
9496
9711
9942
14776
15866
15469
22218
10584
25248
27103
27117
29723
30634
30752
30876
2621
11465
1496
29766
29967
30979
31051
31146
9924
26200
5249
31464
4246
5475
10469
27358
9947
12625
253
17501
20917
19460
24639
27491
27940
29260
2790
1754
7125
6127
8918
10755
2199
9354
11508
4410
12384
14619
14881
15635
16024
18826
20979
12068
21301
1118
12042
22014
22092
22356
8550
22942
23546
4117
4409
18189
8107
19913
23906
8672
13202
15008
15249
727
17942
3644
18158
326
12728
13331
5134
16891
17153
11049
18752
3162
20224
24946
17670
2807
6221
3106
4920
6444
12891
14605
15089
6824
6847
11991
15472
16028
19129
20037
162
20864
3636
5363
6888
21183
21375
13704
20353
22222
22454
1546
1556
3279
6838
10605
6635
7516
10782
15179
18796
20840
22693
12809
22956
23017
1804
2331
1146
1705
3952
7426
10038
10388
14614
17330
9765
21044
21834
22035
23259
19530
23666
19797
24434
24757
2703
14833
15460
25684
25896
16590
21013
10068
27365
7701
90
12515
18126
23494
4309
17230
24932
16191
37
712
6718
739
7456
25
3309
8579
9289
9818
11721
14377
15837
17586
9643
20165
21389
5144
23438
24366
7087
25443
25453
13407
5354
4500
14767
2289
14127
16395
9793
16157
19946
12833
19202
22309
17784
4012
18771
7588
18769
3864
4198
23156
4403
15739
21878
24320
24466
25156
25361
26130
17552
8889
26612
27557
20925
14361
27602
4605
17156
12250
27680
27725
27743
27823
3617
27879
11048
4981
18166
23296
28061
28210
3650
14731
1942
8388
737
8073
11431
1245
6629
16884
14964
10860
13770
17008
3252
5489
13740
4436
9166
1861
18493
19245
20202
10463
12619
13696
18847
20543
21011
23500
23644
24729
12582
25932
7909
4530
7058
8740
6257
17843
3802
7977
11743
3771
19293
19628
24298
5677
7091
6849
9183
17318
26548
26835
377
15177
19968
28222
10494
28223
18538
10219
10446
20339
199
15690
22073
18300
3826
9067
20734
19959
21288
17945
15565
10460
15670
5783
4987
20880
23443
23498
23714
23893
4762
7614
17139
22530
25960
1863
4948
14898
23360
9479
10980
15399
17852
7639
19380
26245
17709
2160
2250
15060
21694
21826
28
27000
3787
2278
3698
16703
5596
8541
19778
21891
23415
27217
27357
27829
28396
28448
27725
28770
28786
29007
22988
29055
28233
29204
29443
29551
14636
7976
5851
7357
9599
1228
10742
11925
12940
21154
22215
24524
10120
16897
25628
26452
28414
20192
29569
29591
24952
29644
29662
29745
29753
3154
9561
3905
6335
14901
11754
18075
18390
610
22187
23728
25455
28698
29721
1943
2069
2188
9859
10872
10963
11859
9671
14990
17016
18551
23901
28889
11240
12879
29881
29899
29915
9847
11021
13925
5156
13047
13538
14241
16432
15031
24200
2739
18328
6184
8484
19689
24546
24804
14775
3971
28899
17540
7339
19654
30047
30125
1338
8189
30203
12926
21591
4772
5512
6744
6762
6813
9164
9196
4429
11358
13855
14512
12337
18254
8643
10450
9747
14400
18968
3461
8012
18978
19274
944
437
7487
7770
16031
6091
3848
9025
9963
11444
3959
15183
15993
14662
7179
19490
18481
18880
20873
21270
21448
22712
3425
16736
5050
7604
16921
19881
22771
24017
4497
13273
18421
20325
22734
23829
18316
24787
24814
25573
25576
100
7417
19018
667
8641
9687
11258
12032
20536
21618
26058
21256
26271
26559
15544
26681
8337
17034
13235
13197
15816
21428
1984
6535
15535
26890
27223
27154
27883
21763
27935
7524
9806
16518
17664
4850
27415
28039
28241
703
21006
4751
28489
9502
23301
28590
28941
28943
28989
29073
29984
2710
5051
7507
3621
24795
1265
8373
17185
22807
9651
16242
26655
22091
27325
27387
28552
7855
1578
13521
10100
29321
30054
30073
12953
30248
7253
30257
30298
2749
30442
30478
30524
4922
29746
21003
21256
30259
30533
8828
5018
12955
17191
18804
5798
19957
28407
30584
30588
20593
6115
1684
6231
16540
